λ=1，n=1
0.095162582
0.181269247
0.259181779
0.329679954
0.39346934
0.451188364
0.503414696
0.550671036
0.59343034
0.632120559
0.667128916
0.698805788
0.727468207
0.753403036
0.77686984
0.798103482
0.817316476
0.834701112
0.850431381
0.864664717
0.877543572
0.889196842
0.899741156
0.909282047
0.917915001
0.925726422
0.932794487
0.939189937
0.94497678
0.950212932

λ=2，n=1
0.181269247
0.329679954
0.451188364
0.550671036
0.632120559
0.698805788
0.753403036
0.798103482
0.834701112
0.864664717
0.889196842
0.909282047
0.925726422
0.939189937
0.950212932
0.959237796
0.96662673
0.972676278
0.977629228
0.981684361
0.985004423
0.98772266
0.989948164
0.991770253
0.993262053
0.994483436
0.995483419
0.996302136
0.996972445
0.997521248

λ=1，n=3
0.0456821
0.048982
0.0539654
0.060852
0.069564
0.078996
0.089254
0.115648
0.125622
0.13558
0.145498
0.156981
0.16775
0.17868
0.19005
0.19556
0.20025
0.203846
0.205452
0.213251
0.220035
0.23654
0.240025
0.245698
0.256687
0.263514
0.276588
0.28354
0.288987
0.29684

λ=2，n=3
0.067865
0.0725468
0.0755461
0.084564
0.092554
0.106871
0.115487
0.126564
0.146854
0.15987
0.16737
0.179858
0.190354
0.210354
0.221564
0.229875
0.234315
0.239987
0.243546
0.256874
0.265354
0.273365
0.286548
0.299949
0.316549
0.326265
0.34654
0.35998
0.366659
0.388987
